1.19044
27.1484
0.181246
0.117666
1.58719
0.0293193
0.0541463
0.354676
0.12713
1.48297
0.0550148
3.98272
0.977808
11.3605
0.281992
0.0697793
4.63233
0.0682519
0.0398311
0.0561229
7.49289
12.5903
0.0892157
7.2828
8.18113
0.087838
0.0604354
1.04292
0.0229703
0.0575904
0.182953
2.4418
1.02108
0.113983
9.27792
4.72421
0.240514
0.0359378
2.52679
0.0151238
0.0405199
0.0683118
4.70351
2.22302
0.12719
9.02552
0.123027
36.8021
0.142374
2.1923
0.315115
0.325866
14.6106
4.16933
67.9699
6.33946
7.4096
0.0901141
45.2401
0.296547
18.3873
5.12417
1.65524
21.0587
4.3533
80.8978
38.5129
18.6267
2.07975
3.91213
0.245815
12.7648
0.135246
0.116409
4.75736
0.00320446
31.0993
2.38468
3.20634
0.244347
25.5771
0.041628
0.732383
0.257135
1.81444
9.37804
2.60441
18.9447
3.64419
2.35417
2.07176
0.276032
1.54871
0.177593
0.0635201
8.44293
0.0283909
0.0175496
0.0188973
0.689437
0.114642
6.41751
0.695517
1.92085
2.91004
0.10428
2.74796
0.909976
0.031805
0.0814291
9.31299
0.223743
3.00874
0.0517205
2.45144
0.0637896
0.0627415
0.577162
0.103741
0.0312959
0.0454015
0.25998
0.189422
1.37947
0.302866
0.164565
0.75137
0.0452817
5.64443
0.0115001
0.0867599
0.0592974
0.600282
0.239645
0.010422
0.217005
0.0735228
0.513821
9.93944
0.190201
0.27768
0.130215
0.0741517
6.42895
0.106735
0.0465395
3.7464
0.34689
1.95987
6.6821
0.00194663
1.22728
0.0638196
0.0617532
4.67264
0.253751
0.0466593
1.99572
0.0991585
2.05579
2.91393
0.106017
16.9197
4.26983
0.0648678
0.0695996
0.931688
0.0938277
0.0327334
2.33491
1.89482
4.5922
8.73238
0.0474679
15.0697
0.547782
0.0205744
0.0161421
8.49208
0.00209637
0.0731934
6.1188
2.54341
2.82594
1.09733
12.4996
0.0415381
10.6236
0.0173101
0.148154
11.8866
17.6342
5.67695
9.20712
9.3279
0.0587883
4.25186
0.00625917
0.557635
15.0495
19.3608
3.44398
0.931119
36.4092
0.317421
56.17
0.218712
68.4683
25.1573
4.07828
2.99724
56.0638
5.51265
57.4611
0.0353988
52.9656
29.5986
0.189123
0.0635501
2.55449
20.4553
0.116259
25.2004
66.1634
0.136085
0.0180887
1.62178
5.53823
0.100057
165.63
33.3975
0.33542
0.00919409
1.31503
2.97254
37.0421
96.8071
45.6713
0.305771
0.0197658
17.332
37.9595
60.9527
0.041628
0.621515
0.879698
2.28346
2.10048
39.2841
0.0783145
8.91803
46.8467
1.54676
0.470037
0.247731
0.530622
0.900512
0.394328
0.925848
1.05013
0.192657
0.418616
0.469438
0.337756
2.95091
0.0593573
4.56327
7.69977
0.621215
0.401575
0.930161
0.272049
0.892845
0.152646
0.166841
0.983948
0.0921506
0.000149741
0.101285
0.0754095
0.731485
0.215447
1.05642
0.29499
0
0.163817
0.586206
0.501003
0.152406
0.295619
0.642089
0.447845
0.284208
0.141895
0.895481
0.00437244
0.000449223
0.213141
0.0579497
0.180108
1.73208
42.3643
50.6817
91.082
0.0739421
0.784104
0.406846
0.326136
0.031206
13.1418
21.8774
52.3218
3.99614
2.146
0.612321
26.3792
5.08712
4.67033
0.821449
0.177203
9.14989
7.1359
89.5594
0.0662753
49.8799
54.7728
21.1881
27.6623
7.82046
9.27325
15.6989
3.9522
0.0704381
0.155251
59.25
0.00365368
0.000778653
0
0.307298
0.17918
29.462
27.3706
2.7995
137.426
0.00515109
0.328861
0.320655
0.91348
2.50565
2.69953
1.4527
3.7897
4.18098
0.898655
6.70231
0.824354
0.415801
0.623761
0.496122
0.477165
0.155102
0.222126
1.0201
0.969064
0.72807
45.4348
37.931
5.51969
0.134617
0.294361
0.159714
0.00260549
0.336228
0.999042
0.288551
0.848702
0.124824
0.722081
1.94118
0.84945
0.0232997
0.56072
0.943697
0.731604
0.012698
0.292594
0.10991
0.475817
0.0344704
9.75194
0.00533078
0.811087
1.30565
0.341739
0.183103
0.734869
1.63673
7.65368
3.82453
9.35569
5.2515
24.0931
1.64928
6.38229
1.67779
0.174538
0.702495
0.0660358
0.63032
232.285
60.8179
99.9389
20.3038
30.2546
43.7631
0.037555
0.00386332
18.5822
9.75176
6.51885
15.0379
0.129167
0.429607
0.115091
0.160013
0.0614237
1.84271
8.80111
0
0
0.197838
7.26148
1.70294
0.454673
1.01204
52.5269
22.4165
82.2646
93.6678
78.4564
10.5881
64.627
25.1561
20.8732
5.55215
4.7072
16.9718
4.12294
24.7185
6.94609
0.146447
0.40478
2.61385
20.6808
51.7477
59.477
0.099398
31.2257
139.411
39.5994
1.1183
0.99407
0.653949
1.34174
0.599054
0.231919
0.348807
39.12
40.059
194.289
156.993
0.250636
1.4822
0.473241
1.28274
1.45947
5.08925
6.35066
3.07553
51.4405
16.2541
1.72684
0.496511
23.8147
0
13.6532
77.4803
41.2014
44.1283
31.338
52.3988
5.47141
20.2629
139.798
93.3002
0.386781
0.32928
0.463059
0.452427
1.03911
0.990087
0.264472
0.129616
1.25088
0.392471
0.00101824
0.252523
0
0
0
0
0.000239586
5.98964e-05
10.1032
169.873
21.7624
0.0755293
0.116918
0.137073
0.306789
0.795274
0.894373
0.531071
0
0
21.8087
117.266
0.334312
0.415891
1.11512
0
0
0.252613
0.524962
3.92348
9.3147
45.4975
0
0
26.823
26.7174
0.414962
0.214489
0.383576
0
0
3.41254
4.35351
0.794346
0.364679
0.53745
0
0
53.4133
1.25884
6.16049
0.677039
15.6851
0
0
22.6988
25.3332
0.211434
0.176545
0.286604
0
0
4.17822
3.00069
6.85769
56.2905
6.22434
2.99482e-05
0
65.0643
54.1802
10.6128
12.226
4.20305
0
0
0.442215
1.26289
36.4584
42.9159
33.7149
0
0
2.1359
1.29969
0
0
0
0
0
0.215837
16.2298
0.00667845
1.22964
0.630439
0.000269534
0
35.4112
28.2098