0.188336
0.0558593
0.062138
0.0240325
0.0165629
0.00495264
0.00460081
0.0187551
0.00565629
0.0835183
0.0215156
0.144953
0.261299
0.357077
0.0409202
0.0240325
0.0649256
0.00860622
0.034452
0.00874154
0.798647
1.01708
0.0656834
0.531719
0.0966712
0.110068
0.0288227
0.0433288
0.00809202
0.0209202
0.0302842
0.0502842
0.142869
0.0432206
0.237645
0.463816
0.245007
0.02
0.151367
0.00273342
0.0141272
0.00303112
1.12655
1.3171
0.0988092
1.14912
0.00898512
0.0297158
0.0283627
0.0218133
0.00200271
0.00330176
0.231096
0.048065
0.301597
0.176401
0.618457
0.019134
0.22276
0.0300135
0.292152
0.0273342
0.00976996
0.515372
0.0766712
0.309202
2.45007
0.945927
3.52336
0.0224899
0.024249
0.362246
0.00257104
0.00127199
0.0970771
0.000487145
2.77034
0.143248
0.953613
0.2741
0.03659
0.0187821
0.0116915
1.45551
0.32793
0.44525
0.0541543
0.227903
0.272639
1.04073
0.0891746
0.0478755
0.00248985
0.00273342
0.0064682
0.158024
0.00470907
0.0158051
0.00508796
0.0757781
0.0332882
0.96885
0.17954
0.0342084
0.0747767
0.0294723
0.26479
0.014885
0.00947226
0.00971583
0.954398
0.368417
0.0867118
0.00690122
0.0149662
0.00235453
0.00903924
0.0319892
0.0971313
0.00711773
0.0201353
0.0320162
0.0604601
0.235616
0.290825
0.00730717
0.0443031
0.00790257
2.16392
0.00755074
0.103897
0.0103112
0.684141
0.342192
0.00987821
0.00479026
0.0288769
0.00738836
0.433099
0.00887686
0.00603518
0.189337
0.00958051
0.0201353
0.0387009
0.0424628
0.0531258
0.00554804
0.0771042
0.365359
0
1.33716
0.0632476
0.0282273
0.119567
0.143654
0.0240054
0.0493911
0.0153451
0.0365359
0.109526
0.00822733
4.27935
5.78512
0.0983762
0.0162652
0.0197294
0.0216509
0.0522598
0.916698
0.461786
1.49627
2.73415
0.0115291
3.81675
0.345927
0.00798376
0.0105819
0.89843
0.00116373
0.0299594
0.302706
0.0452233
0.261543
0.0406766
0.212882
0.00230041
1.73104
0.00284168
0.0312855
0.943194
0.737997
0.460054
0.0913667
0.032774
0.0481732
1.77821
0.00138024
0.34341
1.21762
0.175859
0.293288
0.0192963
0.222355
0.040839
0.986225
0.0462246
18.7454
6.31424
7.83421
3.322
2.11199
39.0711
8.34073
0.00963464
1.17204
0.312016
0.0348038
0.0107984
0.103897
0.0579973
0.0123951
1.65386
9.57599
0.0280108
0.00341001
1.60046
0.0605142
0.432936
5.11981
1.47678
0.0832476
0.00162382
0.637158
0.0515562
0.463221
19.3665
7.48003
0.0843572
0.00738836
8.48547
10.7491
4.28769
0.00479026
0.0142355
0.0400271
0.0195399
0.254912
6.9075
0.00619756
0.258512
0.680758
0.0909337
0.0160758
0.0729905
0.120352
0.252828
0.119107
0.0264411
0.0332612
0.0217862
0.0728823
0.0338566
0.022111
0.691719
0.00100135
0.259973
0.0322327
0.10571
0.051475
0.10682
0.0291746
0.0989175
0.011069
0.0237077
0.0665765
0.007659
5.41272e-05
0.0245737
0.0153721
0.752612
0.0392152
0.0909878
0.0265223
0
0.0152097
0.10479
0.0803518
0.0166441
0.0224899
0.0230041
0.0276319
0.0227605
0.0174831
0.0595399
0.000351827
0.000487145
0.0497429
0.0389175
0.0278484
0.0375372
1.05001
0.768092
0.876455
0.00652233
0.0996211
0.023843
0.0116915
0.00303112
11.584
0.431746
13.3116
0.0814344
9.16871
0.0155616
0.249066
0.0610825
0.0582409
0.0291204
0.00143437
0.531313
0.20249
7.03153
0.0082544
29.6254
6.47532
4.89299
0.666955
0.982219
0.45088
1.88885
0.280217
0.0031935
0.165007
109.001
0.95088
0.00213802
0
0.00828146
0.0190798
81.2185
0.706955
0.0554263
1.38465
0.000866035
0.0213802
0.0239513
0.0315562
18.5794
0.567388
4.11927
0.442273
1.42752
0.0408931
1.93927
0.0229499
0.325196
0.102733
0.199053
0.077862
0.0725846
0.0243302
0.411177
0.0434912
0.00871448
1.25962
0.571177
0.078295
6.28122
0.883708
5.51315
0.00346414
0.210501
0.0307172
0.184195
0.179242
1.70279
0.0359134
32.63
0.0603789
0.00538566
0.0637889
0.5741
0.102165
0.00627876
0.101867
0.118593
0.0223545
0.00110961
0.152639
2.70636e-05
0.0176184
0.953342
0.0303383
0.0146685
0.0302571
0.0440054
0.248363
0.730501
0.739378
0.397943
0.221516
0.0483627
0.417375
0.125521
0.673261
0.0267118
0.0365629
0.0473884
67.1395
2.23878
2.13889
0.0718809
0.969635
0.143356
0.00346414
0.0031935
1.10793
1.23691
0.207876
0.743139
0.00925575
0.415345
0.011935
0.199567
0.0035724
0.0420568
0.0555616
0
0
0.00213802
0.263951
0.022571
0.435995
0.0116373
3.61394
0.992503
7.89681
2.59318
25.5142
0.325467
2.98758
0.118078
0.61456
0.167361
0.48046
13.106
0.142598
2.84373
0.918593
0.0398376
0.40912
3.19402
23.8901
116.428
105.054
0.00265223
0.999811
3.73342
1.00604
0.090203
0.0429499
0.310474
0.0421651
0.0150744
0.0137754
0.025088
5.39767
0.863085
0.735129
0.803978
0.0147497
0.254723
0.033613
0.0143166
0.0355074
0.0513938
0.0229229
0.0642219
0.201028
0.219594
0.301137
0.0589986
1.43326
0
0.269662
0.896779
2.54433
7.66893
0.676238
1.17215
0.926143
2.20552
5.56712
0.502842
0.829716
0.0392963
0.211448
0.027659
0.184763
0.813505
0.116671
0.250203
0.423627
0.346712
0.0002977
0.282571
0
0
0
0
0
0
0.03659
2.28666
0.0266035
0.016184
0.0139648
0.0419215
0.0181597
0.0215156
0.0106089
0.217727
0
0
0.193018
0.196969
0.0441137
0.0343437
0.0900135
0
0
0.0490392
0.0751827
3.13586
0.344195
1.51451
0
0
0.104384
0.250798
26.7935
0.136049
3.73567
0
0
0.360866
1.15045
1.23935
0.0405954
0.0410014
0
0
0.508281
0.0156428
0.883004
0.0107984
1.93608
0
0
2.36652
0.174885
0.405656
0.0108796
0.0993775
0
0
0.0279838
0.133938
0.616563
4.45876
0.225792
0
0
1.78747
0.647794
0.465521
1.1567
0.292612
0
0
1.64076
0.173396
18.8345
6.13026
8.46582
5.41272e-05
0
0.0680379
0.0200271
0
0
0
0
0
0.752395
29.8306
0.00037889
0.0657104
0.0633829
0
0
3.24119
2.94595